Country_name	Country_Code	EMP_VULN_MA	EMP_VULN_FE	SL_EMP_WORK_MA	SL_EMP_WORK_FE	GDP_EMP	UEM_TOTL_MA	UEM_TOTL_FE	UEM_1524_MA	UEM_1524_FE	SRV_EMPL_MA	SRV_EMPL_FE	IND_EMPL_MA	IND_EMPL_FE	AGR_EMPL_MA	AGR_EMPL_FE
Aruba	ABW	85.993	95.574	13.292	4.282	4916.107	1.056	2.421	2.062	3.670	52.226	28.427	18.554	15.844	29.221	55.728
Afghanistan	AFG	53.614	80.593	40.390	16.808	14784.700	6.882	7.622	17.114	17.016	41.996	43.357	15.406	1.114	42.598	55.529
Angola	AGO	54.994	54.663	41.543	44.321	31132.711	14.452	13.132	33.069	27.143	42.638	42.696	22.518	15.015	34.844	42.289
Albania	ALB	23.266	31.726	70.665	66.707	53424.870	7.707	18.679	22.657	37.782	52.736	60.950	27.725	9.187	19.539	29.863
Andorra	AND	0.666	0.988	96.370	97.583	100218.289	1.706	7.462	6.477	13.003	69.385	93.809	26.307	6.063	4.308	0.128
Arab_World	ARB	23.287	18.957	71.898	78.581	48109.371	8.544	10.788	22.245	29.836	68.087	91.010	31.824	8.975	0.089	0.015
United_Arab_Emirates	ARE	12.799	8.331	79.286	87.562	24805.096	5.337	5.445	13.509	10.825	67.054	90.795	29.566	7.576	3.379	1.629
Argentina	ARG	8.130	7.139	85.483	90.223	92936.219	4.840	4.723	9.111	9.259	59.363	85.177	36.505	11.195	4.132	3.628
Armenia	ARM	48.535	61.987	36.046	27.173	96643.188	4.425	6.054	12.197	15.511	47.014	52.089	22.297	5.976	30.689	41.935
American_Samoa	ASM	11.925	8.161	82.657	89.353	34190.172	6.262	6.395	18.304	16.727	67.569	90.855	30.891	8.452	1.540	0.693
Antigua_and_Barbuda	ATG	81.809	94.325	16.309	4.982	1614.052	2.021	2.232	4.011	4.416	30.096	48.592	21.121	17.630	48.783	33.778
Australia	AUS	50.394	67.466	43.568	31.887	105301.422	3.338	6.513	10.244	15.990	45.996	23.830	22.062	16.737	31.941	59.432
Austria	AUT	9.463	6.805	85.626	90.967	5455.678	5.698	4.757	14.379	12.071	54.607	73.174	36.288	22.354	9.105	4.472
Azerbaijan	AZE	1.070	0.957	97.357	96.850	5280.031	0.296	3.537	2.090	12.797	56.876	90.980	41.839	8.973	1.285	0.047
Burundi	BDI	12.859	6.524	80.511	91.500	9690.710	10.451	13.442	20.625	32.747	68.639	96.217	26.901	3.342	4.460	0.440
Belgium	BEL	4.657	2.292	94.078	97.172	44353.848	7.261	4.139	11.596	7.744	43.855	73.133	42.101	19.658	14.044	7.209
Benin	BEN	26.040	28.913	65.995	66.404	70352.383	5.363	15.329	11.671	33.076	56.424	86.630	18.565	8.137	25.011	5.233
Burkina_Faso	BFA	54.053	63.768	39.817	34.379	54089.238	2.732	3.985	6.111	9.329	41.982	61.811	30.072	9.938	27.946	28.252
Bangladesh	BGD	30.749	23.160	63.408	73.621	39423.445	11.106	14.419	25.674	32.480	59.083	85.193	27.710	10.577	13.207	4.230
Bulgaria	BGR	20.315	11.183	78.611	88.177	37015.508	9.143	9.994	26.476	29.663	67.059	89.024	29.154	9.185	3.788	1.790
Bahrain	BHR	5.702	6.443	90.968	91.584	18508.842	8.549	10.106	28.736	29.879	76.639	90.542	21.339	9.028	2.022	0.430
Bahamas	BHS	62.982	84.006	36.886	15.933	15840.819	1.646	3.020	7.666	11.376	38.346	26.086	10.225	9.107	51.429	64.807
Bosnia_and_Herzegovina	BIH	22.721	28.502	74.160	69.280	33194.629	14.795	21.530	30.858	44.391	48.124	72.437	24.811	9.706	27.065	17.858
Belarus	BLR	90.651	97.190	7.972	2.381	36284.703	5.926	7.140	10.870	12.210	18.174	17.887	10.852	7.128	70.974	74.985
Belize	BLZ	16.719	12.734	78.815	85.199	20435.711	4.315	4.345	12.620	13.332	46.873	72.280	41.845	19.191	11.282	8.529
Bermuda	BMU	8.627	9.393	83.443	87.262	40666.953	4.647	5.155	8.117	7.749	67.199	87.464	29.262	9.984	3.539	2.552
Bolivia	BOL	11.952	7.879	81.720	89.905	1819.295	6.962	7.707	15.905	15.704	61.453	83.769	33.369	13.006	5.178	3.225
Brazil	BRA	23.403	25.020	70.907	72.287	87936.398	6.770	7.861	16.686	20.122	56.914	84.041	31.196	10.708	11.890	5.251
Barbados	BRB	63.809	84.622	33.640	14.227	61685.525	2.029	3.118	2.764	4.427	38.455	56.238	8.072	3.622	53.473	40.140
Brunei_Darussalam	BRN	65.107	83.625	31.112	14.045	106681.367	2.929	3.849	5.315	6.280	41.230	37.662	17.318	10.480	41.451	51.859
Bhutan	BTN	69.571	90.327	27.559	8.590	109422.234	4.964	3.290	9.907	5.937	22.834	18.823	16.271	4.385	60.896	76.792
Botswana	BWA	63.581	91.304	34.781	8.156	51702.816	9.736	11.067	23.701	21.964	42.459	41.292	22.295	22.222	35.246	36.485
Central_African_Republic	CAF	47.226	46.293	47.538	51.230	31379.992	7.089	11.750	15.038	24.474	53.999	78.560	23.362	13.824	22.639	7.616
Canada	CAN	54.835	78.149	39.880	17.077	12113.244	3.449	4.066	9.527	7.446	32.605	24.377	14.982	12.609	52.412	63.014
Central_Europe_and_the_Baltics	CEB	26.791	30.992	66.739	65.983	8176.758	11.812	12.789	22.061	24.317	51.003	79.822	30.825	12.013	18.172	8.165
Switzerland	CHE	21.075	18.404	73.765	79.267	2495.196	6.774	10.315	17.782	26.091	59.251	85.727	23.538	9.801	17.211	4.472
Channel_Islands	CHI	31.935	25.099	62.822	72.464	13040.803	7.149	11.307	18.072	27.807	55.334	86.072	28.612	8.236	16.054	5.691
Chile	CHL	8.873	6.505	89.422	92.776	28080.451	2.102	2.534	5.916	5.355	54.764	81.898	20.612	10.478	24.624	7.624
China	CHN	12.682	9.269	84.065	89.942	5668.288	8.055	8.172	22.875	13.617	70.529	92.089	25.735	6.852	3.735	1.059
Cote_d'Ivoire	CIV	6.425	5.140	87.516	92.467	15359.869	3.697	3.113	7.316	5.375	59.440	85.500	38.947	13.630	1.612	0.869
Cameroon	CMR	40.458	56.266	56.721	42.215	37608.676	10.429	12.020	20.533	22.177	41.340	42.925	10.782	4.555	47.877	52.520
Congo	COD	6.303	3.778	89.145	94.718	33325.965	4.816	5.152	10.442	7.885	69.299	90.189	27.439	8.819	3.262	0.992
